57.0 39.0 0 0 0 0
3.0 0.0 0 1 0 0
-3.0 3.0 0 1 0 0
0.0 3.0 0 1 0 0
-3.0 3.0 0 1 0 0
-3.0 3.0 0 1 0 0
-3.0 3.0 0 1 0 0
-3.0 3.0 0 1 0 0
-3.0 0.0 0 1 0 0
-3.0 3.0 0 1 0 0
-12.0 0.0 0 1 0 0
0.0 -3.0 0 1 0 0
-3.0 0.0 0 1 0 0
0.0 3.0 0 1 0 0
-3.0 -3.0 0 1 0 0
-6.0 0.0 0 1 0 0
0.0 -6.0 0 1 0 0
-3.0 0.0 0 1 0 0
0.0 3.0 0 1 0 0
-3.0 -3.0 0 1 0 0
0.0 -3.0 0 1 0 0
-3.0 0.0 0 1 0 0
0.0 -3.0 0 1 0 0
3.0 0.0 0 1 0 0
0.0 -3.0 0 1 0 0
-6.0 0.0 0 1 0 0
0.0 -24.0 0 1 0 0
3.0 -3.0 0 1 0 0
3.0 -3.0 0 1 0 0
0.0 -3.0 0 1 0 0
3.0 0.0 0 1 0 0
3.0 -3.0 0 1 0 0
3.0 -3.0 0 1 0 0
24.0 0.0 0 1 0 0
3.0 3.0 0 1 0 0
3.0 0.0 0 1 0 0
3.0 3.0 0 1 0 0
0.0 3.0 0 1 0 0
3.0 0.0 0 1 0 0
0.0 3.0 0 1 0 0
3.0 0.0 0 1 0 0
0.0 3.0 0 1 0 0
-3.0 0.0 0 1 0 0
-3.0 3.0 0 1 0 0
0.0 6.0 0 1 0 0
3.0 3.0 0 1 0 0
3.0 0.0 0 1 0 0
0.0 -9.0 0 1 0 0
3.0 3.0 0 1 0 0
0.0 12.0 0 1 0 0
-3.0 0.0 0 1 0 0
0.0 -3.0 0 1 0 0
-3.0 0.0 0 1 0 0
0.0 12.0 0 1 0 0
-3.0 0.0 0 1 0 0
0.0 3.0 0 1 0 0
-3.0 0.0 0 1 0 0
0.0 3.0 0 1 0 0
-3.0 0.0 0 1 0 0
0.0 3.0 0 1 0 0
-3.0 0.0 0 1 0 0
0.0 -6.0 0 1 0 0
3.0 0.0 0 1 0 0
0.0 -3.0 0 1 0 0
3.0 0.0 0 1 0 0
0.0 -3.0 0 1 0 0
3.0 0.0 0 1 0 0
0.0 -12.0 0 1 0 0
-3.0 0.0 0 1 0 0
0.0 9.0 0 1 0 0
-3.0 0.0 0 1 0 0
0.0 3.0 0 1 0 0
-3.0 0.0 0 1 0 0
0.0 3.0 0 1 0 0
-3.0 0.0 0 1 0 0
0.0 12.0 0 1 0 0
-3.0 0.0 0 1 0 0
0.0 -15.0 0 1 0 0
3.0 0.0 0 1 0 0
0.0 -3.0 0 1 0 0
3.0 0.0 0 1 0 0
0.0 -3.0 0 1 0 0
3.0 0.0 0 1 0 0
0.0 -9.0 0 1 0 0
3.0 0.0 0 1 0 0
0.0 -9.0 0 1 0 0
3.0 0.0 0 1 0 0
0.0 -3.0 0 1 0 0
-6.0 0.0 0 1 0 0
0.0 9.0 0 1 0 0
-3.0 0.0 0 1 0 0
0.0 9.0 0 1 0 0
-3.0 0.0 0 1 0 0
0.0 3.0 0 1 0 0
-3.0 0.0 0 1 0 0
0.0 3.0 0 1 0 0
-3.0 0.0 0 1 0 0
0.0 18.0 0 1 0 0
-3.0 0.0 0 1 0 0
0.0 -21.0 0 1 0 0
3.0 0.0 0 1 0 0
0.0 -3.0 0 1 0 0
3.0 0.0 0 1 0 0
0.0 -3.0 0 1 0 0
3.0 0.0 0 1 0 0
0.0 -9.0 0 1 0 0
3.0 0.0 0 1 0 0
0.0 -9.0 0 1 0 0
6.0 0.0 0 1 0 0
0.0 -3.0 0 1 0 0
-6.0 0.0 0 1 0 0
0.0 -3.0 0 1 0 0
-3.0 0.0 0 1 0 0
0.0 12.0 0 1 0 0
-3.0 0.0 0 1 0 0
0.0 9.0 0 1 0 0
-3.0 0.0 0 1 0 0
0.0 3.0 0 1 0 0
-3.0 0.0 0 1 0 0
0.0 3.0 0 1 0 0
-3.0 0.0 0 1 0 0
0.0 21.0 0 1 0 0
-3.0 0.0 0 1 0 0
0.0 -24.0 0 1 0 0
3.0 0.0 0 1 0 0
0.0 -3.0 0 1 0 0
3.0 0.0 0 1 0 0
0.0 -3.0 0 1 0 0
3.0 0.0 0 1 0 0
0.0 -9.0 0 1 0 0
3.0 0.0 0 1 0 0
0.0 -9.0 0 1 0 0
-3.0 0.0 0 1 0 0
0.0 6.0 0 1 0 0
-3.0 0.0 0 1 0 0
0.0 9.0 0 1 0 0
-3.0 0.0 0 1 0 0
0.0 3.0 0 1 0 0
-3.0 0.0 0 1 0 0
0.0 3.0 0 1 0 0
-3.0 0.0 0 1 0 0
0.0 27.0 0 1 0 0
-3.0 0.0 0 1 0 0
0.0 -30.0 0 1 0 0
3.0 0.0 0 1 0 0
0.0 -3.0 0 1 0 0
3.0 0.0 0 1 0 0
0.0 -3.0 0 1 0 0
3.0 0.0 0 1 0 0
0.0 -9.0 0 1 0 0
3.0 0.0 0 1 0 0
0.0 -3.0 0 1 0 0
-6.0 0.0 0 1 0 0
0.0 9.0 0 1 0 0
-3.0 0.0 0 1 0 0
0.0 3.0 0 1 0 0
-3.0 0.0 0 1 0 0
0.0 3.0 0 1 0 0
-3.0 0.0 0 1 0 0
0.0 27.0 0 1 0 0
-3.0 0.0 0 1 0 0
0.0 -27.0 0 1 0 0
-3.0 0.0 0 1 0 0
0.0 18.0 0 1 0 0
-3.0 0.0 0 1 0 0
0.0 -21.0 0 1 0 0
3.0 0.0 0 1 0 0
0.0 -3.0 0 1 0 0
3.0 0.0 0 1 0 0
0.0 -3.0 0 1 0 0
3.0 0.0 0 1 0 0
0.0 -3.0 0 1 0 0
3.0 0.0 0 1 0 0
0.0 -3.0 0 1 0 0
3.0 0.0 0 1 0 0
0.0 6.0 0 1 0 0
-3.0 0.0 0 1 0 0
0.0 3.0 0 1 0 0
-3.0 0.0 0 1 0 0
0.0 3.0 0 1 0 0
-3.0 0.0 0 1 0 0
-12.0 -18.0 0 0 0 0
0 0 0.34 0 0 0
48.0 27.0 0 0 0 0
0.0 -6.0 0 1 0 0
-27.0 0.0 0 1 0 0
0.0 -3.0 0 1 0 0
21.0 0.0 0 1 0 0
0.0 -3.0 0 1 0 0
-6.0 0.0 0 1 0 0
0.0 -3.0 0 1 0 0
-3.0 0.0 0 1 0 0
0.0 3.0 0 1 0 0
-3.0 0.0 0 1 0 0
0.0 -3.0 0 1 0 0
-3.0 0.0 0 1 0 0
0.0 3.0 0 1 0 0
-9.0 0.0 0 1 0 0
0.0 3.0 0 1 0 0
-6.0 0.0 0 1 0 0
3.0 -3.0 0 1 0 0
3.0 -3.0 0 1 0 0
6.0 0.0 0 1 0 0
0.0 -3.0 0 1 0 0
12.0 0.0 0 1 0 0
3.0 3.0 0 1 0 0
3.0 0.0 0 1 0 0
3.0 3.0 0 1 0 0
0.0 3.0 0 1 0 0
3.0 0.0 0 1 0 0
3.0 3.0 0 1 0 0
0.0 18.0 0 1 0 0
-3.0 3.0 0 1 0 0
0.0 3.0 0 1 0 0
-3.0 0.0 0 1 0 0
0.0 -6.0 0 1 0 0
3.0 0.0 0 1 0 0
0.0 -9.0 0 1 0 0
-3.0 0.0 0 1 0 0
0.0 6.0 0 1 0 0
-3.0 0.0 0 1 0 0
0.0 9.0 0 1 0 0
-3.0 0.0 0 1 0 0
0.0 3.0 0 1 0 0
-3.0 0.0 0 1 0 0
0.0 -6.0 0 1 0 0
3.0 0.0 0 1 0 0
0.0 -9.0 0 1 0 0
3.0 0.0 0 1 0 0
0.0 -6.0 0 1 0 0
3.0 0.0 0 1 0 0
0.0 -3.0 0 1 0 0
-6.0 0.0 0 1 0 0
0.0 6.0 0 1 0 0
-3.0 0.0 0 1 0 0
0.0 9.0 0 1 0 0
-3.0 0.0 0 1 0 0
0.0 9.0 0 1 0 0
-3.0 0.0 0 1 0 0
0.0 -12.0 0 1 0 0
3.0 0.0 0 1 0 0
0.0 -9.0 0 1 0 0
3.0 0.0 0 1 0 0
0.0 -3.0 0 1 0 0
-6.0 0.0 0 1 0 0
0.0 9.0 0 1 0 0
-3.0 0.0 0 1 0 0
0.0 15.0 0 1 0 0
-3.0 0.0 0 1 0 0
0.0 -18.0 0 1 0 0
3.0 0.0 0 1 0 0
0.0 -6.0 0 1 0 0
-3.0 0.0 0 1 0 0
0.0 3.0 0 1 0 0
-3.0 0.0 0 1 0 0
0.0 18.0 0 1 0 0
-3.0 0.0 0 1 0 0
0.0 -18.0 0 1 0 0
3.0 -3.0 0 1 0 0
-3.0 0.0 0 1 0 0
0.0 -3.0 0 1 0 0
-3.0 0.0 0 1 0 0
0.0 15.0 0 1 0 0
-3.0 0.0 0 1 0 0
0.0 -15.0 0 1 0 0
-3.0 3.0 0 1 0 0
0.0 12.0 0 1 0 0
3.0 3.0 0 1 0 0
3.0 0.0 0 1 0 0
0.0 3.0 0 1 0 0
-3.0 0.0 0 1 0 0
3.0 3.0 0 1 0 0
3.0 3.0 0 1 0 0
3.0 0.0 0 1 0 0
0.0 3.0 0 1 0 0
18.0 0.0 0 1 0 0
3.0 -3.0 0 1 0 0
3.0 0.0 0 1 0 0
3.0 3.0 0 1 0 0
3.0 0.0 0 1 0 0
0.0 -3.0 0 1 0 0
3.0 0.0 0 1 0 0
0.0 -3.0 0 1 0 0
3.0 0.0 0 1 0 0
0.0 -3.0 0 1 0 0
3.0 -3.0 0 1 0 0
-3.0 0.0 0 1 0 0
0.0 -3.0 0 1 0 0
3.0 0.0 0 1 0 0
0.0 -12.0 0 1 0 0
-3.0 0.0 0 1 0 0
0.0 -9.0 0 1 0 0
-3.0 0.0 0 1 0 0
0.0 -3.0 0 1 0 0
-3.0 0.0 0 1 0 0
0.0 -3.0 0 1 0 0
-3.0 0.0 0 1 0 0
0.0 -3.0 0 1 0 0
-6.0 0.0 0 1 0 0
0.0 -3.0 0 1 0 0
-21.0 0.0 0 1 0 0
0.0 3.0 0 1 0 0
-3.0 0.0 0 1 0 0
0.0 -3.0 0 1 0 0
-3.0 3.0 0 1 0 0
0.0 3.0 0 1 0 0
-6.0 0.0 0 1 0 0
0.0 6.0 0 1 0 0
-3.0 0.0 0 1 0 0
0.0 3.0 0 1 0 0
-3.0 0.0 0 1 0 0
0.0 3.0 0 1 0 0
3.0 0.0 0 1 0 0
-3.0 3.0 0 1 0 0
0.0 18.0 0 1 0 0
3.0 0.0 0 1 0 0
0.0 6.0 0 1 0 0
3.0 0.0 0 1 0 0
0.0 3.0 0 1 0 0
3.0 0.0 0 1 0 0
0.0 3.0 0 1 0 0
3.0 0.0 0 1 0 0
0.0 3.0 0 1 0 0
3.0 0.0 0 1 0 0
0.0 -3.0 0 1 0 0
3.0 3.0 0 1 0 0
3.0 3.0 0 1 0 0
0.0 -3.0 0 1 0 0
3.0 0.0 0 1 0 0
0.0 3.0 0 1 0 0
9.0 0.0 0 1 0 0
0.0 -3.0 0 1 0 0
3.0 0.0 0 1 0 0
0.0 3.0 0 1 0 0
3.0 -3.0 0 1 0 0
3.0 0.0 0 1 0 0
0.0 -3.0 0 1 0 0
3.0 0.0 0 1 0 0
-48.0 -54.0 0 0 0 0
0 0 0.34 0 0 0
60.0 39.0 0 0 0 0
0.0 -15.0 0 1 0 0
-3.0 -3.0 0 1 0 0
0.0 -6.0 0 1 0 0
-3.0 0.0 0 1 0 0
0.0 -3.0 0 1 0 0
-3.0 0.0 0 1 0 0
0.0 -3.0 0 1 0 0
-3.0 0.0 0 1 0 0
0.0 -3.0 0 1 0 0
-3.0 0.0 0 1 0 0
-3.0 -3.0 0 1 0 0
-24.0 0.0 0 1 0 0
0.0 3.0 0 1 0 0
-3.0 0.0 0 1 0 0
-3.0 3.0 0 1 0 0
-3.0 0.0 0 1 0 0
0.0 3.0 0 1 0 0
-3.0 3.0 0 1 0 0
0.0 3.0 0 1 0 0
-3.0 0.0 0 1 0 0
0.0 24.0 0 1 0 0
3.0 3.0 0 1 0 0
0.0 3.0 0 1 0 0
3.0 0.0 0 1 0 0
0.0 3.0 0 1 0 0
3.0 0.0 0 1 0 0
0.0 3.0 0 1 0 0
3.0 0.0 0 1 0 0
0.0 3.0 0 1 0 0
6.0 0.0 0 1 0 0
3.0 3.0 0 1 0 0
15.0 0.0 0 1 0 0
0.0 -3.0 0 1 0 0
6.0 0.0 0 1 0 0
3.0 -3.0 0 1 0 0
3.0 -3.0 0 1 0 0
3.0 -3.0 0 1 0 0
3.0 -3.0 0 1 0 0
0.0 -6.0 0 1 0 0
-9.0 0.0 0 1 0 0
0.0 3.0 0 1 0 0
-3.0 3.0 0 1 0 0
-3.0 3.0 0 1 0 0
-3.0 3.0 0 1 0 0
-12.0 0.0 0 1 0 0
0.0 -3.0 0 1 0 0
-3.0 0.0 0 1 0 0
0.0 3.0 0 1 0 0
-3.0 -3.0 0 1 0 0
-3.0 0.0 0 1 0 0
-3.0 -3.0 0 1 0 0
0.0 -3.0 0 1 0 0
-3.0 0.0 0 1 0 0
0.0 -3.0 0 1 0 0
3.0 0.0 0 1 0 0
0.0 -6.0 0 1 0 0
-3.0 0.0 0 1 0 0
0.0 3.0 0 1 0 0
-3.0 -3.0 0 1 0 0
0.0 -3.0 0 1 0 0
3.0 0.0 0 1 0 0
0.0 -3.0 0 1 0 0
-3.0 0.0 0 1 0 0
3.0 -3.0 0 1 0 0
0.0 -3.0 0 1 0 0
3.0 -3.0 0 1 0 0
3.0 -3.0 0 1 0 0
3.0 -3.0 0 1 0 0
3.0 0.0 0 1 0 0
3.0 -3.0 0 1 0 0
6.0 0.0 0 1 0 0
0.0 3.0 0 1 0 0
9.0 0.0 0 1 0 0
3.0 3.0 0 1 0 0
3.0 3.0 0 1 0 0
0.0 3.0 0 1 0 0
3.0 3.0 0 1 0 0
0.0 12.0 0 1 0 0
-3.0 0.0 0 1 0 0
0.0 -12.0 0 1 0 0
-3.0 0.0 0 1 0 0
0.0 18.0 0 1 0 0
-3.0 0.0 0 1 0 0
0.0 3.0 0 1 0 0
-3.0 0.0 0 1 0 0
0.0 3.0 0 1 0 0
-3.0 0.0 0 1 0 0
0.0 -6.0 0 1 0 0
3.0 0.0 0 1 0 0
0.0 -3.0 0 1 0 0
3.0 0.0 0 1 0 0
0.0 -18.0 0 1 0 0
3.0 0.0 0 1 0 0
0.0 -3.0 0 1 0 0
-3.0 0.0 0 1 0 0
0.0 -3.0 0 1 0 0
-3.0 0.0 0 1 0 0
0.0 21.0 0 1 0 0
-3.0 0.0 0 1 0 0
0.0 3.0 0 1 0 0
-3.0 0.0 0 1 0 0
0.0 9.0 0 1 0 0
-3.0 0.0 0 1 0 0
0.0 -12.0 0 1 0 0
-3.0 0.0 0 1 0 0
0.0 9.0 0 1 0 0
-9.0 0.0 0 1 0 0
0.0 -15.0 0 1 0 0
-3.0 0.0 0 1 0 0
0.0 -9.0 0 1 0 0
3.0 0.0 0 1 0 0
0.0 -3.0 0 1 0 0
3.0 0.0 0 1 0 0
0.0 -3.0 0 1 0 0
3.0 0.0 0 1 0 0
0.0 6.0 0 1 0 0
-3.0 0.0 0 1 0 0
0.0 3.0 0 1 0 0
-3.0 0.0 0 1 0 0
0.0 3.0 0 1 0 0
6.0 0.0 0 1 0 0
0.0 -3.0 0 1 0 0
3.0 0.0 0 1 0 0
0.0 -12.0 0 1 0 0
3.0 0.0 0 1 0 0
0.0 15.0 0 1 0 0
-3.0 0.0 0 1 0 0
0.0 3.0 0 1 0 0
-6.0 0.0 0 1 0 0
0.0 12.0 0 1 0 0
3.0 0.0 0 1 0 0
0.0 -9.0 0 1 0 0
6.0 0.0 0 1 0 0
0.0 -3.0 0 1 0 0
3.0 0.0 0 1 0 0
0.0 -15.0 0 1 0 0
3.0 0.0 0 1 0 0
0.0 18.0 0 1 0 0
-3.0 0.0 0 1 0 0
0.0 3.0 0 1 0 0
-33.0 -36.0 0 0 0 0
0 0 0.34 0 0 0
60.0 39.0 0 0 0 0
0.0 -15.0 0 1 0 0
-3.0 -3.0 0 1 0 0
0.0 -6.0 0 1 0 0
-3.0 0.0 0 1 0 0
0.0 -3.0 0 1 0 0
-3.0 -3.0 0 1 0 0
-3.0 -3.0 0 1 0 0
-3.0 0.0 0 1 0 0
-3.0 -3.0 0 1 0 0
-6.0 0.0 0 1 0 0
-6.0 6.0 0 1 0 0
3.0 3.0 0 1 0 0
6.0 0.0 0 1 0 0
0.0 3.0 0 1 0 0
6.0 0.0 0 1 0 0
3.0 3.0 0 1 0 0
0.0 3.0 0 1 0 0
3.0 3.0 0 1 0 0
0.0 12.0 0 1 0 0
-3.0 3.0 0 1 0 0
0.0 3.0 0 1 0 0
-3.0 3.0 0 1 0 0
-3.0 3.0 0 1 0 0
-3.0 0.0 0 1 0 0
-3.0 3.0 0 1 0 0
-12.0 0.0 0 1 0 0
0.0 -3.0 0 1 0 0
-6.0 0.0 0 1 0 0
0.0 -3.0 0 1 0 0
-3.0 0.0 0 1 0 0
0.0 -3.0 0 1 0 0
-3.0 -3.0 0 1 0 0
0.0 -18.0 0 1 0 0
3.0 0.0 0 1 0 0
0.0 18.0 0 1 0 0
3.0 3.0 0 1 0 0
0.0 -24.0 0 1 0 0
-3.0 0.0 0 1 0 0
3.0 -3.0 0 1 0 0
3.0 3.0 0 1 0 0
0.0 -3.0 0 1 0 0
6.0 0.0 0 1 0 0
-3.0 3.0 0 1 0 0
0.0 3.0 0 1 0 0
-3.0 0.0 0 1 0 0
0.0 24.0 0 1 0 0
3.0 0.0 0 1 0 0
0.0 -21.0 0 1 0 0
3.0 0.0 0 1 0 0
0.0 -6.0 0 1 0 0
6.0 0.0 0 1 0 0
0.0 3.0 0 1 0 0
-3.0 0.0 0 1 0 0
0.0 6.0 0 1 0 0
-3.0 0.0 0 1 0 0
0.0 21.0 0 1 0 0
3.0 0.0 0 1 0 0
0.0 -18.0 0 1 0 0
3.0 0.0 0 1 0 0
0.0 -6.0 0 1 0 0
3.0 0.0 0 1 0 0
0.0 -3.0 0 1 0 0
6.0 0.0 0 1 0 0
0.0 3.0 0 1 0 0
-3.0 0.0 0 1 0 0
0.0 3.0 0 1 0 0
-3.0 0.0 0 1 0 0
0.0 6.0 0 1 0 0
-3.0 0.0 0 1 0 0
0.0 15.0 0 1 0 0
3.0 0.0 0 1 0 0
0.0 -12.0 0 1 0 0
3.0 0.0 0 1 0 0
0.0 -6.0 0 1 0 0
3.0 0.0 0 1 0 0
0.0 -3.0 0 1 0 0
3.0 0.0 0 1 0 0
0.0 6.0 0 1 0 0
-3.0 0.0 0 1 0 0
0.0 6.0 0 1 0 0
-3.0 0.0 0 1 0 0
0.0 6.0 0 1 0 0
3.0 0.0 0 1 0 0
0.0 -3.0 0 1 0 0
3.0 0.0 0 1 0 0
0.0 -6.0 0 1 0 0
3.0 0.0 0 1 0 0
0.0 -12.0 0 1 0 0
-3.0 0.0 0 1 0 0
0.0 -6.0 0 1 0 0
-9.0 0.0 0 1 0 0
0.0 -3.0 0 1 0 0
-6.0 0.0 0 1 0 0
0.0 -3.0 0 1 0 0
-9.0 0.0 0 1 0 0
3.0 -9.0 0 1 0 0
-6.0 0.0 0 1 0 0
-3.0 3.0 0 1 0 0
-3.0 3.0 0 1 0 0
-3.0 0.0 0 1 0 0
0.0 3.0 0 1 0 0
-3.0 3.0 0 1 0 0
-3.0 3.0 0 1 0 0
0.0 24.0 0 1 0 0
3.0 3.0 0 1 0 0
0.0 3.0 0 1 0 0
3.0 3.0 0 1 0 0
3.0 3.0 0 1 0 0
3.0 0.0 0 1 0 0
0.0 3.0 0 1 0 0
6.0 0.0 0 1 0 0
3.0 3.0 0 1 0 0
15.0 0.0 0 1 0 0
3.0 -3.0 0 1 0 0
3.0 0.0 0 1 0 0
3.0 -3.0 0 1 0 0
3.0 -3.0 0 1 0 0
3.0 -3.0 0 1 0 0
3.0 -3.0 0 1 0 0
0.0 -3.0 0 1 0 0
-57.0 -42.0 0 0 0 0
0 0 0.34 0 0 0
39.0 60.0 0 0 0 0
-15.0 0.0 0 1 0 0
-6.0 -3.0 0 1 0 0
-3.0 0.0 0 1 0 0
-3.0 -3.0 0 1 0 0
-3.0 -3.0 0 1 0 0
-3.0 -3.0 0 1 0 0
0.0 -3.0 0 1 0 0
-3.0 -3.0 0 1 0 0
0.0 -24.0 0 1 0 0
3.0 -3.0 0 1 0 0
3.0 -3.0 0 1 0 0
0.0 -3.0 0 1 0 0
3.0 0.0 0 1 0 0
3.0 -3.0 0 1 0 0
3.0 -3.0 0 1 0 0
6.0 0.0 0 1 0 0
0.0 9.0 0 1 0 0
-3.0 3.0 0 1 0 0
0.0 3.0 0 1 0 0
-3.0 0.0 0 1 0 0
0.0 -3.0 0 1 0 0
-3.0 3.0 0 1 0 0
0.0 3.0 0 1 0 0
3.0 0.0 0 1 0 0
0.0 18.0 0 1 0 0
-3.0 0.0 0 1 0 0
0.0 -15.0 0 1 0 0
-3.0 0.0 0 1 0 0
0.0 15.0 0 1 0 0
3.0 3.0 0 1 0 0
3.0 0.0 0 1 0 0
0.0 3.0 0 1 0 0
3.0 3.0 0 1 0 0
3.0 0.0 0 1 0 0
3.0 3.0 0 1 0 0
9.0 0.0 0 1 0 0
3.0 -3.0 0 1 0 0
3.0 0.0 0 1 0 0
3.0 -3.0 0 1 0 0
3.0 -3.0 0 1 0 0
0.0 -3.0 0 1 0 0
3.0 -3.0 0 1 0 0
0.0 -9.0 0 1 0 0
-3.0 -3.0 0 1 0 0
0.0 -3.0 0 1 0 0
-3.0 -3.0 0 1 0 0
-3.0 -3.0 0 1 0 0
0.0 6.0 0 1 0 0
3.0 0.0 0 1 0 0
0.0 6.0 0 1 0 0
3.0 0.0 0 1 0 0
0.0 9.0 0 1 0 0
-3.0 0.0 0 1 0 0
0.0 6.0 0 1 0 0
-3.0 0.0 0 1 0 0
0.0 3.0 0 1 0 0
-3.0 0.0 0 1 0 0
0.0 -6.0 0 1 0 0
3.0 0.0 0 1 0 0
0.0 -6.0 0 1 0 0
3.0 0.0 0 1 0 0
0.0 -3.0 0 1 0 0
-3.0 0.0 0 1 0 0
0.0 -6.0 0 1 0 0
-3.0 0.0 0 1 0 0
0.0 12.0 0 1 0 0
-3.0 0.0 0 1 0 0
0.0 12.0 0 1 0 0
-3.0 0.0 0 1 0 0
0.0 -15.0 0 1 0 0
3.0 0.0 0 1 0 0
0.0 -12.0 0 1 0 0
3.0 0.0 0 1 0 0
0.0 -6.0 0 1 0 0
-3.0 0.0 0 1 0 0
0.0 3.0 0 1 0 0
-3.0 3.0 0 1 0 0
0.0 9.0 0 1 0 0
-3.0 0.0 0 1 0 0
0.0 18.0 0 1 0 0
-3.0 0.0 0 1 0 0
0.0 -21.0 0 1 0 0
3.0 0.0 0 1 0 0
0.0 -9.0 0 1 0 0
3.0 0.0 0 1 0 0
0.0 -3.0 0 1 0 0
-6.0 0.0 0 1 0 0
0.0 9.0 0 1 0 0
-3.0 0.0 0 1 0 0
0.0 21.0 0 1 0 0
-3.0 0.0 0 1 0 0
0.0 -24.0 0 1 0 0
3.0 0.0 0 1 0 0
0.0 -6.0 0 1 0 0
3.0 -3.0 0 1 0 0
12.0 0.0 0 1 0 0
0.0 -9.0 0 1 0 0
3.0 0.0 0 1 0 0
3.0 3.0 0 1 0 0
3.0 0.0 0 1 0 0
3.0 3.0 0 1 0 0
3.0 3.0 0 1 0 0
3.0 3.0 0 1 0 0
0.0 3.0 0 1 0 0
3.0 6.0 0 1 0 0
0.0 15.0 0 1 0 0
-3.0 3.0 0 1 0 0
0.0 3.0 0 1 0 0
-3.0 3.0 0 1 0 0
-3.0 3.0 0 1 0 0
-3.0 3.0 0 1 0 0
-3.0 3.0 0 1 0 0
-3.0 0.0 0 1 0 0
-42.0 -57.0 0 0 0 0
0 0 0.34 0 0 0
21.0 3.0 0 0 0 0
-3.0 0.0 0 1 0 0
-3.0 3.0 0 1 0 0
-6.0 3.0 0 1 0 0
-3.0 6.0 0 1 0 0
-3.0 3.0 0 1 0 0
0.0 24.0 0 1 0 0
3.0 6.0 0 1 0 0
3.0 3.0 0 1 0 0
3.0 3.0 0 1 0 0
3.0 3.0 0 1 0 0
3.0 0.0 0 1 0 0
6.0 3.0 0 1 0 0
15.0 0.0 0 1 0 0
6.0 -3.0 0 1 0 0
3.0 -3.0 0 1 0 0
6.0 -6.0 0 1 0 0
3.0 -3.0 0 1 0 0
3.0 -6.0 0 1 0 0
0.0 -15.0 0 1 0 0
-3.0 -6.0 0 1 0 0
0.0 -3.0 0 1 0 0
-3.0 -3.0 0 1 0 0
-3.0 -3.0 0 1 0 0
-3.0 -3.0 0 1 0 0
-6.0 -3.0 0 1 0 0
-3.0 0.0 0 1 0 0
0.0 9.0 0 1 0 0
-15.0 0.0 0 1 0 0
0.0 3.0 0 1 0 0
-6.0 0.0 0 1 0 0
-3.0 3.0 0 1 0 0
0.0 6.0 0 1 0 0
-3.0 0.0 0 1 0 0
0.0 9.0 0 1 0 0
3.0 0.0 0 1 0 0
0.0 -6.0 0 1 0 0
3.0 0.0 0 1 0 0
0.0 -9.0 0 1 0 0
6.0 0.0 0 1 0 0
0.0 3.0 0 1 0 0
-3.0 0.0 0 1 0 0
0.0 9.0 0 1 0 0
-3.0 0.0 0 1 0 0
0.0 12.0 0 1 0 0
3.0 0.0 0 1 0 0
0.0 -9.0 0 1 0 0
3.0 0.0 0 1 0 0
0.0 -9.0 0 1 0 0
3.0 0.0 0 1 0 0
0.0 -9.0 0 1 0 0
6.0 0.0 0 1 0 0
-3.0 3.0 0 1 0 0
0.0 9.0 0 1 0 0
-3.0 0.0 0 1 0 0
0.0 9.0 0 1 0 0
-3.0 0.0 0 1 0 0
0.0 9.0 0 1 0 0
3.0 0.0 0 1 0 0
0.0 -6.0 0 1 0 0
3.0 0.0 0 1 0 0
0.0 -9.0 0 1 0 0
3.0 0.0 0 1 0 0
0.0 -12.0 0 1 0 0
3.0 0.0 0 1 0 0
0.0 -3.0 0 1 0 0
3.0 0.0 0 1 0 0
0.0 6.0 0 1 0 0
-3.0 0.0 0 1 0 0
0.0 12.0 0 1 0 0
-3.0 0.0 0 1 0 0
0.0 9.0 0 1 0 0
-3.0 0.0 0 1 0 0
0.0 6.0 0 1 0 0
3.0 0.0 0 1 0 0
0.0 -3.0 0 1 0 0
3.0 0.0 0 1 0 0
0.0 -9.0 0 1 0 0
3.0 0.0 0 1 0 0
0.0 -12.0 0 1 0 0
3.0 0.0 0 1 0 0
0.0 15.0 0 1 0 0
-3.0 0.0 0 1 0 0
0.0 6.0 0 1 0 0
3.0 0.0 0 1 0 0
0.0 -3.0 0 1 0 0
3.0 0.0 0 1 0 0
0.0 -12.0 0 1 0 0
3.0 0.0 0 1 0 0
0.0 -3.0 0 1 0 0
-3.0 0.0 0 1 0 0
0.0 -6.0 0 1 0 0
-3.0 0.0 0 1 0 0
0.0 -6.0 0 1 0 0
3.0 3.0 0 1 0 0
3.0 3.0 0 1 0 0
0.0 3.0 0 1 0 0
3.0 3.0 0 1 0 0
0.0 6.0 0 1 0 0
-3.0 0.0 0 1 0 0
0.0 9.0 0 1 0 0
-3.0 3.0 0 1 0 0
-3.0 3.0 0 1 0 0
-6.0 0.0 0 1 0 0
-3.0 3.0 0 1 0 0
-6.0 0.0 0 1 0 0
0.0 -3.0 0 1 0 0
-6.0 0.0 0 1 0 0
0.0 -3.0 0 1 0 0
-3.0 0.0 0 1 0 0
-3.0 -3.0 0 1 0 0
0.0 -3.0 0 1 0 0
-3.0 0.0 0 1 0 0
0.0 -3.0 0 1 0 0
3.0 0.0 0 1 0 0
-15.0 -36.0 0 0 0 0
0 0 0.34 0 0 0
45.0 57.0 0 0 0 0
-6.0 3.0 0 1 0 0
-15.0 0.0 0 1 0 0
-6.0 -3.0 0 1 0 0
-3.0 0.0 0 1 0 0
-3.0 -3.0 0 1 0 0
-3.0 -3.0 0 1 0 0
-3.0 -3.0 0 1 0 0
-3.0 -6.0 0 1 0 0
12.0 0.0 0 1 0 0
3.0 3.0 0 1 0 0
3.0 0.0 0 1 0 0
0.0 3.0 0 1 0 0
6.0 0.0 0 1 0 0
3.0 3.0 0 1 0 0
3.0 0.0 0 1 0 0
3.0 -3.0 0 1 0 0
3.0 0.0 0 1 0 0
3.0 -3.0 0 1 0 0
3.0 0.0 0 1 0 0
0.0 -3.0 0 1 0 0
3.0 -3.0 0 1 0 0
0.0 -6.0 0 1 0 0
3.0 -3.0 0 1 0 0
-3.0 0.0 0 1 0 0
0.0 -9.0 0 1 0 0
-3.0 -3.0 0 1 0 0
-3.0 -3.0 0 1 0 0
-3.0 0.0 0 1 0 0
3.0 3.0 0 1 0 0
0.0 3.0 0 1 0 0
3.0 0.0 0 1 0 0
0.0 18.0 0 1 0 0
-3.0 0.0 0 1 0 0
0.0 3.0 0 1 0 0
-3.0 0.0 0 1 0 0
0.0 3.0 0 1 0 0
-3.0 0.0 0 1 0 0
0.0 -6.0 0 1 0 0
3.0 0.0 0 1 0 0
0.0 -3.0 0 1 0 0
3.0 0.0 0 1 0 0
0.0 -12.0 0 1 0 0
-3.0 0.0 0 1 0 0
0.0 9.0 0 1 0 0
-3.0 0.0 0 1 0 0
0.0 3.0 0 1 0 0
-3.0 0.0 0 1 0 0
0.0 12.0 0 1 0 0
-3.0 0.0 0 1 0 0
0.0 -15.0 0 1 0 0
3.0 0.0 0 1 0 0
0.0 -3.0 0 1 0 0
3.0 0.0 0 1 0 0
0.0 -9.0 0 1 0 0
3.0 0.0 0 1 0 0
0.0 -3.0 0 1 0 0
-3.0 0.0 0 1 0 0
0.0 -3.0 0 1 0 0
-3.0 0.0 0 1 0 0
0.0 12.0 0 1 0 0
-3.0 0.0 0 1 0 0
0.0 3.0 0 1 0 0
-3.0 0.0 0 1 0 0
0.0 15.0 0 1 0 0
-3.0 0.0 0 1 0 0
0.0 -18.0 0 1 0 0
3.0 0.0 0 1 0 0
0.0 -3.0 0 1 0 0
3.0 0.0 0 1 0 0
0.0 -9.0 0 1 0 0
-6.0 0.0 0 1 0 0
0.0 3.0 0 1 0 0
3.0 0.0 0 1 0 0
0.0 3.0 0 1 0 0
-3.0 0.0 0 1 0 0
0.0 3.0 0 1 0 0
-3.0 0.0 0 1 0 0
0.0 18.0 0 1 0 0
-3.0 0.0 0 1 0 0
0.0 -18.0 0 1 0 0
3.0 -3.0 0 1 0 0
0.0 -3.0 0 1 0 0
-3.0 0.0 0 1 0 0
0.0 3.0 0 1 0 0
-3.0 3.0 0 1 0 0
0.0 15.0 0 1 0 0
-3.0 -3.0 0 1 0 0
0.0 -12.0 0 1 0 0
3.0 -3.0 0 1 0 0
0.0 -3.0 0 1 0 0
3.0 -3.0 0 1 0 0
3.0 0.0 0 1 0 0
3.0 -3.0 0 1 0 0
12.0 0.0 0 1 0 0
6.0 -9.0 0 1 0 0
6.0 3.0 0 1 0 0
3.0 3.0 0 1 0 0
3.0 3.0 0 1 0 0
3.0 3.0 0 1 0 0
0.0 3.0 0 1 0 0
3.0 6.0 0 1 0 0
0.0 15.0 0 1 0 0
-3.0 6.0 0 1 0 0
-36.0 -42.0 0 1 0 0
-3.0 0.0 0 1 0 0
-3.0 3.0 0 1 0 0
-6.0 3.0 0 1 0 0
-3.0 6.0 0 1 0 0
-3.0 3.0 0 1 0 0
0.0 3.0 0 1 0 0
-3.0 -21.0 0 0 0 0
0 0 0.34 0 0 0
45.0 57.0 0 0 0 0
-6.0 3.0 0 1 0 0
-15.0 0.0 0 1 0 0
-9.0 -3.0 0 1 0 0
-3.0 -3.0 0 1 0 0
-3.0 -3.0 0 1 0 0
-3.0 -3.0 0 1 0 0
-3.0 -6.0 0 1 0 0
12.0 0.0 0 1 0 0
3.0 3.0 0 1 0 0
3.0 0.0 0 1 0 0
0.0 3.0 0 1 0 0
6.0 0.0 0 1 0 0
3.0 3.0 0 1 0 0
3.0 0.0 0 1 0 0
3.0 -3.0 0 1 0 0
3.0 0.0 0 1 0 0
3.0 -3.0 0 1 0 0
3.0 -3.0 0 1 0 0
3.0 -3.0 0 1 0 0
0.0 -18.0 0 1 0 0
-3.0 -3.0 0 1 0 0
-3.0 -3.0 0 1 0 0
-3.0 0.0 0 1 0 0
3.0 3.0 0 1 0 0
0.0 3.0 0 1 0 0
3.0 0.0 0 1 0 0
0.0 18.0 0 1 0 0
-3.0 0.0 0 1 0 0
0.0 3.0 0 1 0 0
-3.0 0.0 0 1 0 0
0.0 3.0 0 1 0 0
-3.0 0.0 0 1 0 0
0.0 -6.0 0 1 0 0
3.0 0.0 0 1 0 0
0.0 -3.0 0 1 0 0
3.0 0.0 0 1 0 0
0.0 -12.0 0 1 0 0
-3.0 0.0 0 1 0 0
0.0 9.0 0 1 0 0
-3.0 0.0 0 1 0 0
0.0 3.0 0 1 0 0
-3.0 0.0 0 1 0 0
0.0 12.0 0 1 0 0
-3.0 0.0 0 1 0 0
0.0 -15.0 0 1 0 0
3.0 0.0 0 1 0 0
0.0 -3.0 0 1 0 0
3.0 0.0 0 1 0 0
0.0 -9.0 0 1 0 0
3.0 0.0 0 1 0 0
0.0 -3.0 0 1 0 0
-3.0 0.0 0 1 0 0
0.0 -3.0 0 1 0 0
-3.0 0.0 0 1 0 0
0.0 12.0 0 1 0 0
-3.0 0.0 0 1 0 0
0.0 3.0 0 1 0 0
-3.0 0.0 0 1 0 0
0.0 15.0 0 1 0 0
-3.0 0.0 0 1 0 0
0.0 -18.0 0 1 0 0
3.0 0.0 0 1 0 0
0.0 -3.0 0 1 0 0
3.0 0.0 0 1 0 0
0.0 -9.0 0 1 0 0
-3.0 0.0 0 1 0 0
0.0 6.0 0 1 0 0
-3.0 0.0 0 1 0 0
0.0 3.0 0 1 0 0
-3.0 0.0 0 1 0 0
0.0 18.0 0 1 0 0
-3.0 0.0 0 1 0 0
0.0 -18.0 0 1 0 0
-3.0 0.0 0 1 0 0
0.0 15.0 0 1 0 0
-3.0 -3.0 0 1 0 0
0.0 -12.0 0 1 0 0
-9.0 -6.0 0 1 0 0
6.0 -9.0 0 1 0 0
9.0 -6.0 0 1 0 0
3.0 12.0 0 1 0 0
-3.0 3.0 0 1 0 0
-3.0 3.0 0 1 0 0
6.0 0.0 0 1 0 0
0.0 -3.0 0 1 0 0
3.0 0.0 0 1 0 0
0.0 -6.0 0 1 0 0
12.0 0.0 0 1 0 0
6.0 -9.0 0 1 0 0
6.0 3.0 0 1 0 0
3.0 3.0 0 1 0 0
3.0 3.0 0 1 0 0
3.0 3.0 0 1 0 0
3.0 9.0 0 1 0 0
0.0 15.0 0 1 0 0
-3.0 6.0 0 1 0 0
-57.0 -45.0 0 0 0 0
0 0 0.34 0 0 0
3.0 18.0 0 0 0 0
6.0 -9.0 0 1 0 0
9.0 -6.0 0 1 0 0
24.0 0.0 0 1 0 0
6.0 3.0 0 1 0 0
3.0 3.0 0 1 0 0
3.0 3.0 0 1 0 0
3.0 3.0 0 1 0 0
3.0 9.0 0 1 0 0
0.0 15.0 0 1 0 0
-3.0 6.0 0 1 0 0
-9.0 -6.0 0 1 0 0
0.0 -15.0 0 1 0 0
-3.0 -3.0 0 1 0 0
0.0 -3.0 0 1 0 0
-3.0 -3.0 0 1 0 0
-6.0 0.0 0 1 0 0
0.0 -3.0 0 1 0 0
-9.0 0.0 0 1 0 0
0.0 3.0 0 1 0 0
-6.0 0.0 0 1 0 0
0.0 6.0 0 1 0 0
-3.0 0.0 0 1 0 0
0.0 -3.0 0 1 0 0
-3.0 3.0 0 1 0 0
0.0 3.0 0 1 0 0
3.0 0.0 0 1 0 0
0.0 18.0 0 1 0 0
3.0 0.0 0 1 0 0
0.0 -18.0 0 1 0 0
3.0 0.0 0 1 0 0
0.0 -6.0 0 1 0 0
3.0 0.0 0 1 0 0
0.0 9.0 0 1 0 0
-3.0 0.0 0 1 0 0
0.0 18.0 0 1 0 0
3.0 0.0 0 1 0 0
0.0 -15.0 0 1 0 0
3.0 0.0 0 1 0 0
0.0 -15.0 0 1 0 0
3.0 0.0 0 1 0 0
0.0 18.0 0 1 0 0
-3.0 0.0 0 1 0 0
0.0 15.0 0 1 0 0
3.0 0.0 0 1 0 0
0.0 -12.0 0 1 0 0
3.0 0.0 0 1 0 0
0.0 -18.0 0 1 0 0
6.0 0.0 0 1 0 0
0.0 3.0 0 1 0 0
-3.0 0.0 0 1 0 0
0.0 18.0 0 1 0 0
-3.0 0.0 0 1 0 0
0.0 6.0 0 1 0 0
3.0 0.0 0 1 0 0
0.0 -3.0 0 1 0 0
3.0 0.0 0 1 0 0
0.0 -18.0 0 1 0 0
3.0 0.0 0 1 0 0
0.0 18.0 0 1 0 0
-3.0 3.0 0 1 0 0
-3.0 3.0 0 1 0 0
-3.0 0.0 0 1 0 0
-3.0 3.0 0 1 0 0
-3.0 0.0 0 1 0 0
-3.0 -3.0 0 1 0 0
-3.0 0.0 0 1 0 0
-3.0 -3.0 0 1 0 0
-3.0 0.0 0 1 0 0
-3.0 -3.0 0 1 0 0
0.0 -15.0 0 1 0 0
-3.0 0.0 0 1 0 0
0.0 9.0 0 1 0 0
-9.0 6.0 0 1 0 0
3.0 6.0 0 1 0 0
3.0 3.0 0 1 0 0
3.0 3.0 0 1 0 0
3.0 3.0 0 1 0 0
9.0 3.0 0 1 0 0
15.0 0.0 0 1 0 0
6.0 -3.0 0 1 0 0
-45.0 -57.0 0 0 0 0
0 0 0.34 0 0 0
45.0 57.0 0 0 0 0
-6.0 3.0 0 1 0 0
-15.0 0.0 0 1 0 0
-9.0 -3.0 0 1 0 0
-9.0 -9.0 0 1 0 0
9.0 -6.0 0 1 0 0
3.0 3.0 0 1 0 0
3.0 0.0 0 1 0 0
3.0 3.0 0 1 0 0
3.0 0.0 0 1 0 0
3.0 3.0 0 1 0 0
3.0 0.0 0 1 0 0
3.0 -3.0 0 1 0 0
3.0 0.0 0 1 0 0
3.0 -3.0 0 1 0 0
3.0 -3.0 0 1 0 0
0.0 -18.0 0 1 0 0
-3.0 0.0 0 1 0 0
0.0 18.0 0 1 0 0
-3.0 0.0 0 1 0 0
0.0 3.0 0 1 0 0
-3.0 0.0 0 1 0 0
0.0 -6.0 0 1 0 0
3.0 0.0 0 1 0 0
0.0 -18.0 0 1 0 0
3.0 0.0 0 1 0 0
0.0 -3.0 0 1 0 0
-3.0 0.0 0 1 0 0
-3.0 3.0 0 1 0 0
0.0 15.0 0 1 0 0
-3.0 0.0 0 1 0 0
0.0 12.0 0 1 0 0
-3.0 0.0 0 1 0 0
0.0 -15.0 0 1 0 0
3.0 0.0 0 1 0 0
0.0 -15.0 0 1 0 0
3.0 0.0 0 1 0 0
0.0 -3.0 0 1 0 0
-6.0 0.0 0 1 0 0
0.0 15.0 0 1 0 0
-3.0 0.0 0 1 0 0
0.0 15.0 0 1 0 0
-3.0 0.0 0 1 0 0
0.0 -18.0 0 1 0 0
3.0 0.0 0 1 0 0
0.0 -9.0 0 1 0 0
-3.0 0.0 0 1 0 0
0.0 6.0 0 1 0 0
-3.0 0.0 0 1 0 0
0.0 18.0 0 1 0 0
-3.0 0.0 0 1 0 0
0.0 -15.0 0 1 0 0
-3.0 0.0 0 1 0 0
0.0 12.0 0 1 0 0
-3.0 -3.0 0 1 0 0
0.0 -9.0 0 1 0 0
3.0 -3.0 0 1 0 0
0.0 -3.0 0 1 0 0
3.0 3.0 0 1 0 0
0.0 -3.0 0 1 0 0
3.0 0.0 0 1 0 0
0.0 -3.0 0 1 0 0
-3.0 0.0 0 1 0 0
3.0 -3.0 0 1 0 0
6.0 0.0 0 1 0 0
0.0 -3.0 0 1 0 0
9.0 0.0 0 1 0 0
3.0 3.0 0 1 0 0
3.0 0.0 0 1 0 0
3.0 3.0 0 1 0 0
0.0 3.0 0 1 0 0
3.0 3.0 0 1 0 0
0.0 15.0 0 1 0 0
12.0 0.0 0 1 0 0
0.0 -15.0 0 1 0 0
-3.0 -9.0 0 1 0 0
-9.0 -9.0 0 1 0 0
-30.0 -3.0 0 1 0 0
-9.0 6.0 0 1 0 0
-6.0 9.0 0 1 0 0
-3.0 -18.0 0 0 0 0
0 0 0.34 0 0 0
39.0 60.0 0 0 0 0
-24.0 -3.0 0 1 0 0
-9.0 -9.0 0 1 0 0
9.0 -9.0 0 1 0 0
0.0 3.0 0 1 0 0
3.0 3.0 0 1 0 0
3.0 0.0 0 1 0 0
3.0 3.0 0 1 0 0
3.0 0.0 0 1 0 0
3.0 3.0 0 1 0 0
3.0 0.0 0 1 0 0
3.0 -3.0 0 1 0 0
3.0 0.0 0 1 0 0
3.0 -3.0 0 1 0 0
3.0 -3.0 0 1 0 0
0.0 -18.0 0 1 0 0
-3.0 0.0 0 1 0 0
0.0 18.0 0 1 0 0
-3.0 0.0 0 1 0 0
0.0 3.0 0 1 0 0
-3.0 0.0 0 1 0 0
0.0 -6.0 0 1 0 0
3.0 0.0 0 1 0 0
0.0 -18.0 0 1 0 0
3.0 0.0 0 1 0 0
0.0 -3.0 0 1 0 0
-3.0 0.0 0 1 0 0
-3.0 3.0 0 1 0 0
0.0 15.0 0 1 0 0
-3.0 0.0 0 1 0 0
0.0 12.0 0 1 0 0
-3.0 0.0 0 1 0 0
0.0 -15.0 0 1 0 0
3.0 0.0 0 1 0 0
0.0 -15.0 0 1 0 0
3.0 0.0 0 1 0 0
0.0 -3.0 0 1 0 0
-6.0 0.0 0 1 0 0
0.0 15.0 0 1 0 0
-3.0 0.0 0 1 0 0
0.0 15.0 0 1 0 0
-3.0 0.0 0 1 0 0
0.0 -18.0 0 1 0 0
3.0 0.0 0 1 0 0
0.0 -9.0 0 1 0 0
-3.0 0.0 0 1 0 0
0.0 6.0 0 1 0 0
-3.0 0.0 0 1 0 0
0.0 18.0 0 1 0 0
-3.0 0.0 0 1 0 0
0.0 -9.0 0 1 0 0
-3.0 0.0 0 1 0 0
0.0 3.0 0 1 0 0
-3.0 -3.0 0 1 0 0
0.0 -3.0 0 1 0 0
6.0 0.0 0 1 0 0
0.0 -3.0 0 1 0 0
-6.0 0.0 0 1 0 0
3.0 -3.0 0 1 0 0
0.0 -3.0 0 1 0 0
3.0 3.0 0 1 0 0
0.0 -3.0 0 1 0 0
3.0 0.0 0 1 0 0
0.0 -3.0 0 1 0 0
-3.0 0.0 0 1 0 0
3.0 -3.0 0 1 0 0
6.0 0.0 0 1 0 0
0.0 -3.0 0 1 0 0
9.0 0.0 0 1 0 0
3.0 3.0 0 1 0 0
3.0 0.0 0 1 0 0
3.0 3.0 0 1 0 0
0.0 3.0 0 1 0 0
3.0 3.0 0 1 0 0
0.0 15.0 0 1 0 0
12.0 0.0 0 1 0 0
-3.0 -24.0 0 1 0 0
-9.0 -9.0 0 1 0 0
-30.0 -3.0 0 1 0 0
-9.0 6.0 0 1 0 0
-6.0 9.0 0 1 0 0
-3.0 -18.0 0 0 0 0
0 0 0.34 0 0 0
15.0 57.0 0 0 0 0
24.0 3.0 0 1 0 0
21.0 -21.0 0 1 0 0
-3.0 -24.0 0 1 0 0
-9.0 12.0 0 1 0 0
0.0 -3.0 0 1 0 0
-3.0 -3.0 0 1 0 0
0.0 -3.0 0 1 0 0
-3.0 0.0 0 1 0 0
0.0 3.0 0 1 0 0
-3.0 0.0 0 1 0 0
0.0 18.0 0 1 0 0
-3.0 0.0 0 1 0 0
0.0 6.0 0 1 0 0
3.0 0.0 0 1 0 0
0.0 -3.0 0 1 0 0
3.0 0.0 0 1 0 0
0.0 -18.0 0 1 0 0
3.0 0.0 0 1 0 0
0.0 6.0 0 1 0 0
3.0 0.0 0 1 0 0
0.0 6.0 0 1 0 0
-3.0 -3.0 0 1 0 0
0.0 6.0 0 1 0 0
3.0 0.0 0 1 0 0
-3.0 3.0 0 1 0 0
-3.0 3.0 0 1 0 0
-3.0 3.0 0 1 0 0
-6.0 0.0 0 1 0 0
-3.0 3.0 0 1 0 0
0.0 -3.0 0 1 0 0
-6.0 0.0 0 1 0 0
0.0 -3.0 0 1 0 0
-6.0 0.0 0 1 0 0
0.0 -3.0 0 1 0 0
-3.0 -3.0 0 1 0 0
3.0 0.0 0 1 0 0
0.0 -6.0 0 1 0 0
3.0 0.0 0 1 0 0
0.0 -9.0 0 1 0 0
3.0 0.0 0 1 0 0
0.0 -6.0 0 1 0 0
3.0 0.0 0 1 0 0
0.0 9.0 0 1 0 0
-3.0 0.0 0 1 0 0
0.0 9.0 0 1 0 0
-3.0 0.0 0 1 0 0
0.0 6.0 0 1 0 0
3.0 0.0 0 1 0 0
0.0 -3.0 0 1 0 0
3.0 0.0 0 1 0 0
0.0 -9.0 0 1 0 0
3.0 0.0 0 1 0 0
0.0 -15.0 0 1 0 0
3.0 0.0 0 1 0 0
0.0 18.0 0 1 0 0
-3.0 0.0 0 1 0 0
0.0 9.0 0 1 0 0
-3.0 0.0 0 1 0 0
0.0 3.0 0 1 0 0
6.0 0.0 0 1 0 0
0.0 -9.0 0 1 0 0
3.0 0.0 0 1 0 0
0.0 -18.0 0 1 0 0
3.0 0.0 0 1 0 0
0.0 -3.0 0 1 0 0
-3.0 0.0 0 1 0 0
-3.0 -3.0 0 1 0 0
-6.0 0.0 0 1 0 0
0.0 3.0 0 1 0 0
-6.0 0.0 0 1 0 0
0.0 6.0 0 1 0 0
-3.0 0.0 0 1 0 0
0.0 -3.0 0 1 0 0
-3.0 3.0 0 1 0 0
0.0 3.0 0 1 0 0
3.0 0.0 0 1 0 0
0.0 6.0 0 1 0 0
-3.0 0.0 0 1 0 0
0.0 6.0 0 1 0 0
-3.0 -3.0 0 1 0 0
0.0 -3.0 0 1 0 0
3.0 -3.0 0 1 0 0
-3.0 0.0 0 1 0 0
-9.0 -9.0 0 1 0 0
6.0 -9.0 0 1 0 0
9.0 -6.0 0 1 0 0
-18.0 -3.0 0 0 0 0
0 0 0.34 0 0 0
15.0 57.0 0 0 0 0
24.0 3.0 0 1 0 0
21.0 -21.0 0 1 0 0
-3.0 -24.0 0 1 0 0
-9.0 9.0 0 1 0 0
-3.0 -3.0 0 1 0 0
-3.0 -3.0 0 1 0 0
0.0 3.0 0 1 0 0
-3.0 0.0 0 1 0 0
0.0 21.0 0 1 0 0
3.0 0.0 0 1 0 0
0.0 -18.0 0 1 0 0
3.0 0.0 0 1 0 0
0.0 3.0 0 1 0 0
3.0 0.0 0 1 0 0
0.0 3.0 0 1 0 0
-3.0 0.0 0 1 0 0
0.0 3.0 0 1 0 0
3.0 0.0 0 1 0 0
0.0 3.0 0 1 0 0
-3.0 0.0 0 1 0 0
0.0 6.0 0 1 0 0
-3.0 3.0 0 1 0 0
-3.0 0.0 0 1 0 0
-3.0 3.0 0 1 0 0
-3.0 0.0 0 1 0 0
-3.0 3.0 0 1 0 0
0.0 -3.0 0 1 0 0
-6.0 0.0 0 1 0 0
0.0 -3.0 0 1 0 0
-3.0 0.0 0 1 0 0
-3.0 -3.0 0 1 0 0
-3.0 -3.0 0 1 0 0
3.0 0.0 0 1 0 0
0.0 -18.0 0 1 0 0
3.0 0.0 0 1 0 0
0.0 21.0 0 1 0 0
3.0 0.0 0 1 0 0
0.0 -24.0 0 1 0 0
3.0 0.0 0 1 0 0
0.0 27.0 0 1 0 0
3.0 0.0 0 1 0 0
0.0 -30.0 0 1 0 0
3.0 0.0 0 1 0 0
0.0 30.0 0 1 0 0
3.0 0.0 0 1 0 0
0.0 -27.0 0 1 0 0
3.0 0.0 0 1 0 0
0.0 -3.0 0 1 0 0
-3.0 0.0 0 1 0 0
-3.0 -3.0 0 1 0 0
-6.0 0.0 0 1 0 0
0.0 3.0 0 1 0 0
-6.0 0.0 0 1 0 0
0.0 3.0 0 1 0 0
-3.0 0.0 0 1 0 0
-3.0 3.0 0 1 0 0
0.0 15.0 0 1 0 0
-3.0 -3.0 0 1 0 0
0.0 -6.0 0 1 0 0
-9.0 -9.0 0 1 0 0
6.0 -9.0 0 1 0 0
9.0 -6.0 0 1 0 0
-18.0 -3.0 0 0 0 0
0 0 0.34 0 0 0
15.0 57.0 0 0 0 0
0.0 -21.0 0 1 0 0
-3.0 -3.0 0 1 0 0
3.0 0.0 0 1 0 0
0.0 -3.0 0 1 0 0
-3.0 0.0 0 1 0 0
3.0 -3.0 0 1 0 0
0.0 -6.0 0 1 0 0
-6.0 -12.0 0 1 0 0
9.0 9.0 0 1 0 0
3.0 0.0 0 1 0 0
0.0 -3.0 0 1 0 0
3.0 0.0 0 1 0 0
3.0 -3.0 0 1 0 0
6.0 0.0 0 1 0 0
3.0 3.0 0 1 0 0
0.0 3.0 0 1 0 0
3.0 0.0 0 1 0 0
0.0 -3.0 0 1 0 0
3.0 3.0 0 1 0 0
3.0 3.0 0 1 0 0
0.0 15.0 0 1 0 0
-3.0 0.0 0 1 0 0
0.0 6.0 0 1 0 0
-3.0 0.0 0 1 0 0
0.0 -9.0 0 1 0 0
3.0 0.0 0 1 0 0
0.0 -12.0 0 1 0 0
-3.0 0.0 0 1 0 0
0.0 9.0 0 1 0 0
-3.0 0.0 0 1 0 0
0.0 15.0 0 1 0 0
-3.0 0.0 0 1 0 0
0.0 -18.0 0 1 0 0
3.0 0.0 0 1 0 0
0.0 -6.0 0 1 0 0
-3.0 0.0 0 1 0 0
0.0 3.0 0 1 0 0
-3.0 0.0 0 1 0 0
0.0 21.0 0 1 0 0
-3.0 0.0 0 1 0 0
0.0 -24.0 0 1 0 0
3.0 0.0 0 1 0 0
0.0 -3.0 0 1 0 0
3.0 0.0 0 1 0 0
0.0 -3.0 0 1 0 0
-6.0 0.0 0 1 0 0
0.0 3.0 0 1 0 0
-3.0 0.0 0 1 0 0
0.0 24.0 0 1 0 0
-3.0 0.0 0 1 0 0
0.0 -21.0 0 1 0 0
-3.0 0.0 0 1 0 0
0.0 21.0 0 1 0 0
3.0 3.0 0 1 0 0
3.0 0.0 0 1 0 0
0.0 3.0 0 1 0 0
3.0 0.0 0 1 0 0
3.0 3.0 0 1 0 0
0.0 -3.0 0 1 0 0
6.0 0.0 0 1 0 0
3.0 -3.0 0 1 0 0
3.0 0.0 0 1 0 0
3.0 -3.0 0 1 0 0
0.0 -3.0 0 1 0 0
3.0 -3.0 0 1 0 0
0.0 -12.0 0 1 0 0
9.0 -9.0 0 1 0 0
-57.0 -15.0 0 0 0 0
0 0 0.34 0 0 0
15.0 57.0 0 0 0 0
0.0 -21.0 0 1 0 0
-3.0 -3.0 0 1 0 0
3.0 0.0 0 1 0 0
0.0 -3.0 0 1 0 0
-3.0 0.0 0 1 0 0
3.0 -3.0 0 1 0 0
0.0 -6.0 0 1 0 0
-6.0 -12.0 0 1 0 0
9.0 9.0 0 1 0 0
3.0 0.0 0 1 0 0
0.0 -3.0 0 1 0 0
3.0 0.0 0 1 0 0
3.0 -3.0 0 1 0 0
6.0 0.0 0 1 0 0
3.0 3.0 0 1 0 0
0.0 3.0 0 1 0 0
3.0 0.0 0 1 0 0
0.0 -3.0 0 1 0 0
3.0 3.0 0 1 0 0
3.0 3.0 0 1 0 0
0.0 15.0 0 1 0 0
-3.0 0.0 0 1 0 0
0.0 6.0 0 1 0 0
-3.0 0.0 0 1 0 0
0.0 -9.0 0 1 0 0
3.0 0.0 0 1 0 0
0.0 -12.0 0 1 0 0
-3.0 0.0 0 1 0 0
0.0 9.0 0 1 0 0
-3.0 0.0 0 1 0 0
0.0 15.0 0 1 0 0
-3.0 0.0 0 1 0 0
0.0 -18.0 0 1 0 0
3.0 0.0 0 1 0 0
0.0 -6.0 0 1 0 0
-3.0 0.0 0 1 0 0
0.0 3.0 0 1 0 0
-3.0 0.0 0 1 0 0
0.0 21.0 0 1 0 0
-3.0 0.0 0 1 0 0
0.0 -24.0 0 1 0 0
3.0 0.0 0 1 0 0
0.0 -3.0 0 1 0 0
3.0 0.0 0 1 0 0
0.0 -3.0 0 1 0 0
-6.0 0.0 0 1 0 0
0.0 3.0 0 1 0 0
-3.0 0.0 0 1 0 0
0.0 24.0 0 1 0 0
-3.0 0.0 0 1 0 0
0.0 -21.0 0 1 0 0
-3.0 0.0 0 1 0 0
0.0 21.0 0 1 0 0
3.0 3.0 0 1 0 0
3.0 0.0 0 1 0 0
0.0 3.0 0 1 0 0
3.0 0.0 0 1 0 0
3.0 3.0 0 1 0 0
0.0 -3.0 0 1 0 0
6.0 0.0 0 1 0 0
3.0 -3.0 0 1 0 0
3.0 0.0 0 1 0 0
3.0 -3.0 0 1 0 0
0.0 -3.0 0 1 0 0
3.0 -3.0 0 1 0 0
0.0 -12.0 0 1 0 0
9.0 -9.0 0 1 0 0
-57.0 -15.0 0 0 0 0
0 0 0.34 0 0 0
9.0 9.0 0 0 0 0
9.0 9.0 0 1 0 0
0.0 6.0 0 1 0 0
-3.0 0.0 0 1 0 0
0.0 3.0 0 1 0 0
6.0 0.0 0 1 0 0
0.0 3.0 0 1 0 0
-3.0 3.0 0 1 0 0
-3.0 -3.0 0 1 0 0
0.0 6.0 0 1 0 0
3.0 0.0 0 1 0 0
0.0 3.0 0 1 0 0
-3.0 0.0 0 1 0 0
3.0 3.0 0 1 0 0
3.0 0.0 0 1 0 0
0.0 -9.0 0 1 0 0
3.0 0.0 0 1 0 0
0.0 -3.0 0 1 0 0
3.0 0.0 0 1 0 0
0.0 6.0 0 1 0 0
-3.0 0.0 0 1 0 0
0.0 6.0 0 1 0 0
-3.0 3.0 0 1 0 0
3.0 3.0 0 1 0 0
3.0 0.0 0 1 0 0
3.0 3.0 0 1 0 0
0.0 -3.0 0 1 0 0
3.0 0.0 0 1 0 0
0.0 -6.0 0 1 0 0
-3.0 0.0 0 1 0 0
0.0 3.0 0 1 0 0
-3.0 0.0 0 1 0 0
0.0 -6.0 0 1 0 0
3.0 -3.0 0 1 0 0
3.0 3.0 0 1 0 0
0.0 -3.0 0 1 0 0
-3.0 -3.0 0 1 0 0
6.0 0.0 0 1 0 0
0.0 3.0 0 1 0 0
3.0 0.0 0 1 0 0
0.0 3.0 0 1 0 0
-3.0 0.0 0 1 0 0
3.0 3.0 0 1 0 0
-3.0 3.0 0 1 0 0
0.0 3.0 0 1 0 0
3.0 -3.0 0 1 0 0
3.0 0.0 0 1 0 0
0.0 -3.0 0 1 0 0
3.0 0.0 0 1 0 0
0.0 -3.0 0 1 0 0
-3.0 0.0 0 1 0 0
0.0 -3.0 0 1 0 0
3.0 0.0 0 1 0 0
0.0 -12.0 0 1 0 0
-3.0 0.0 0 1 0 0
0.0 -3.0 0 1 0 0
-3.0 0.0 0 1 0 0
0.0 3.0 0 1 0 0
-3.0 0.0 0 1 0 0
0.0 -3.0 0 1 0 0
-3.0 0.0 0 1 0 0
0.0 3.0 0 1 0 0
-3.0 0.0 0 1 0 0
0.0 3.0 0 1 0 0
12.0 0.0 0 1 0 0
0.0 3.0 0 1 0 0
-12.0 0.0 0 1 0 0
-3.0 -3.0 0 1 0 0
-3.0 0.0 0 1 0 0
0.0 -3.0 0 1 0 0
-3.0 0.0 0 1 0 0
0.0 -9.0 0 1 0 0
3.0 3.0 0 1 0 0
0.0 3.0 0 1 0 0
3.0 3.0 0 1 0 0
3.0 -3.0 0 1 0 0
-3.0 -3.0 0 1 0 0
0.0 -6.0 0 1 0 0
6.0 0.0 0 1 0 0
0.0 3.0 0 1 0 0
-3.0 0.0 0 1 0 0
0.0 3.0 0 1 0 0
6.0 0.0 0 1 0 0
0.0 -3.0 0 1 0 0
3.0 0.0 0 1 0 0
0.0 3.0 0 1 0 0
3.0 0.0 0 1 0 0
3.0 3.0 0 1 0 0
3.0 3.0 0 1 0 0
0.0 12.0 0 1 0 0
-48.0 -36.0 0 0 0 0
0 0 0.34 0 0 0
9.0 9.0 0 0 0 0
18.0 3.0 0 1 0 0
6.0 0.0 0 1 0 0
3.0 3.0 0 1 0 0
0.0 3.0 0 1 0 0
3.0 0.0 0 1 0 0
0.0 -3.0 0 1 0 0
3.0 3.0 0 1 0 0
3.0 3.0 0 1 0 0
0.0 6.0 0 1 0 0
3.0 0.0 0 1 0 0
0.0 6.0 0 1 0 0
-3.0 0.0 0 1 0 0
0.0 -3.0 0 1 0 0
-9.0 0.0 0 1 0 0
0.0 3.0 0 1 0 0
-3.0 0.0 0 1 0 0
0.0 -3.0 0 1 0 0
-3.0 0.0 0 1 0 0
0.0 3.0 0 1 0 0
-6.0 0.0 0 1 0 0
3.0 -3.0 0 1 0 0
0.0 -3.0 0 1 0 0
15.0 0.0 0 1 0 0
0.0 -6.0 0 1 0 0
-3.0 0.0 0 1 0 0
0.0 3.0 0 1 0 0
-3.0 0.0 0 1 0 0
0.0 -3.0 0 1 0 0
-3.0 0.0 0 1 0 0
0.0 3.0 0 1 0 0
-6.0 0.0 0 1 0 0
3.0 -3.0 0 1 0 0
0.0 -3.0 0 1 0 0
3.0 0.0 0 1 0 0
0.0 -3.0 0 1 0 0
-6.0 0.0 0 1 0 0
0.0 3.0 0 1 0 0
-3.0 3.0 0 1 0 0
0.0 6.0 0 1 0 0
-3.0 3.0 0 1 0 0
-3.0 -3.0 0 1 0 0
3.0 0.0 0 1 0 0
0.0 -9.0 0 1 0 0
-3.0 3.0 0 1 0 0
0.0 3.0 0 1 0 0
-3.0 0.0 0 1 0 0
0.0 15.0 0 1 0 0
3.0 3.0 0 1 0 0
3.0 3.0 0 1 0 0
3.0 3.0 0 1 0 0
3.0 0.0 0 1 0 0
0.0 -3.0 0 1 0 0
3.0 0.0 0 1 0 0
0.0 -3.0 0 1 0 0
-9.0 0.0 0 1 0 0
0.0 -3.0 0 1 0 0
-3.0 0.0 0 1 0 0
0.0 -6.0 0 1 0 0
3.0 3.0 0 1 0 0
3.0 0.0 0 1 0 0
0.0 3.0 0 1 0 0
3.0 -3.0 0 1 0 0
9.0 0.0 0 1 0 0
0.0 3.0 0 1 0 0
-3.0 3.0 0 1 0 0
3.0 3.0 0 1 0 0
-3.0 0.0 0 1 0 0
-3.0 3.0 0 1 0 0
0.0 3.0 0 1 0 0
3.0 -3.0 0 1 0 0
3.0 0.0 0 1 0 0
3.0 -3.0 0 1 0 0
0.0 -3.0 0 1 0 0
3.0 0.0 0 1 0 0
0.0 -3.0 0 1 0 0
3.0 0.0 0 1 0 0
0.0 -3.0 0 1 0 0
-6.0 0.0 0 1 0 0
0.0 3.0 0 1 0 0
-39.0 -39.0 0 0 0 0
0 0 0.34 0 0 0
