10 0 0 1 0 0
0 10 0 1 0 0
-10 0 0 1 0 0
0 -10 0 1 0 0
0 0 2 0 0 0
10 0 0 1 0 0
0 10 0 1 0 0
-10 0 0 1 0 0
0 -10 0 1 0 0
0 0 2 0 0 0
10 0 0 1 0 0
0 10 0 1 0 0
-10 0 0 1 0 0
0 -10 0 1 0 0
0 0 2 0 0 0
10 0 0 1 0 0
0 10 0 1 0 0
-10 0 0 1 0 0
0 -10 0 1 0 0
0 0 2 0 0 0
10 0 0 1 0 0
0 10 0 1 0 0
-10 0 0 1 0 0
0 -10 0 1 0 0
0 0 2 0 0 0
10 10 0 0 1 0
-10 0 0 0 0 0
10 -10 0 0 0 1
-10 0 0 0 0 0
0 0 1 0 0 0
7.5 0 0 0 1 0
0 7.5 0 0 1 0
-7.5 0 0 0 1 0
0 -7.5 0 0 1 0
0 0 2 0 0 0
7.5 0 0 0 1 0
0 7.5 0 0 1 0
-7.5 0 0 0 1 0
0 -7.5 0 0 1 0
0 0 2 0 0 0
7.5 0 0 0 1 0
0 7.5 0 0 1 0
-7.5 0 0 0 1 0
0 -7.5 0 0 1 0
0 0 2 0 0 0
7.5 0 0 0 1 0
0 7.5 0 0 1 0
-7.5 0 0 0 1 0
0 -7.5 0 0 1 0
0 0 2 0 0 0
7.5 0 0 0 1 0
0 7.5 0 0 1 0
-7.5 0 0 0 1 0
0 -7.5 0 0 1 0
0 0 2 0 0 0
7.5 7.5 0 0 0 1
-7.5 0 0 0 0 0
7.5 -7.5 0 1 0 0
-7.5 0 0 0 0 0
0 0 1 0 0 0
5 0 0 0 0 1
0 5 0 0 0 1
-5 0 0 0 0 1
0 -5 0 0 0 1
0 0 2 0 0 0
5 0 0 0 0 1
0 5 0 0 0 1
-5 0 0 0 0 1
0 -5 0 0 0 1
0 0 2 0 0 0
5 0 0 0 0 1
0 5 0 0 0 1
-5 0 0 0 0 1
0 -5 0 0 0 1
0 0 2 0 0 0
5 0 0 0 0 1
0 5 0 0 0 1
-5 0 0 0 0 1
0 -5 0 0 0 1
0 0 2 0 0 0
5 0 0 0 0 1
0 5 0 0 0 1
-5 0 0 0 0 1
0 -5 0 0 0 1
0 0 2 0 0 0
5 5 0 1 0 0
-5 0 0 0 0 0
5 -5 0 0 1 0
-5 0 0 0 0 0
